28.55_-81.379_60_gsv_3.jpg	40.748	-74.00675	40.75	-74.00475
40.729_-73.987_40_gsv_4.jpg	40.749	-73.96975	40.751	-73.96775
40.738_-73.999_60_gsv_0.jpg	40.74675	-73.98875	40.74875	-73.98675
40.737_-74.006_60_gsv_2.jpg	40.7435	-73.9935	40.7455	-73.9915
40.749_-73.98_40_gsv_4.jpg	40.442	-80.0023333333	40.444	-80.0003333333
40.725_-73.977_90_gsv_5.jpg	40.442	-79.997	40.444	-79.995
40.758_-73.99_60_gsv_2.jpg	40.7483333333	-73.9753333333	40.7503333333	-73.9733333333
40.762_-74.001_80_gsv_1.jpg	40.7436666667	-74.009	40.7456666667	-74.007
40.76_-73.99_90_gsv_4.jpg	40.739	-73.99025	40.741	-73.98825
40.721_-74.01_90_gsv_3.jpg	40.4422	-79.9978	40.4442	-79.9958
40.443_-80.001_110_gsv_4.jpg	40.7305	-74.011	40.7325	-74.009
40.754_-73.993_40_gsv_3.jpg	40.7353333333	-73.9933333333	40.7373333333	-73.9913333333
40.443_-80.002_110_gsv_1.jpg	40.442	-79.997	40.444	-79.995
40.729_-74.003_90_gsv_5.jpg	40.738	-73.9946666667	40.74	-73.9926666667
40.725_-74.009_80_gsv_3.jpg	40.435	-79.9978	40.437	-79.9958
40.756_-73.99_110_gsv_2.jpg	40.442	-79.997	40.444	-79.995
40.712_-74.014_90_gsv_3.jpg	40.7512	-73.9674	40.7532	-73.9654
28.544_-81.377_90_gsv_3.jpg	28.54875	-81.38275	28.55075	-81.38075
40.722_-74.005_110_gsv_1.jpg	40.4446666667	-79.9973333333	40.4466666667	-79.9953333333
40.74_-74.01_60_gsv_1.jpg	40.7424	-74.009	40.7444	-74.007
40.724_-74.009_90_gsv_1.jpg	40.439	-79.9963333333	40.441	-79.9943333333
40.718_-74.005_40_gsv_0.jpg	40.442	-79.997	40.444	-79.995
40.44_-79.995_110_gsv_0.jpg	40.442	-79.997	40.444	-79.995
40.838_-73.944_110_gsv_4.jpg	28.5533333333	-81.3806666667	28.5553333333	-81.3786666667
40.442_-79.996_90_gsv_4.jpg	40.4383333333	-79.9943333333	40.4403333333	-79.9923333333
40.76_-73.957_40_gsv_5.jpg	40.442	-79.997	40.444	-79.995
40.443_-79.996_40_gsv_1.jpg	40.442	-79.997	40.444	-79.995
40.736_-73.981_90_gsv_4.jpg	40.7456666667	-73.9853333333	40.7476666667	-73.9833333333
40.442_-79.993_110_gsv_0.jpg	40.442	-79.997	40.444	-79.995
40.747_-73.974_80_gsv_0.jpg	40.7256666667	-74.002	40.7276666667	-74.0
40.751_-73.973_110_gsv_2.jpg	40.442	-79.997	40.444	-79.995
40.739_-73.984_80_gsv_1.jpg	40.442	-79.997	40.444	-79.995
40.446_-79.99_90_gsv_0.jpg	40.75	-73.993	40.752	-73.991
40.439_-80.004_110_gsv_4.jpg	40.7336666667	-73.9943333333	40.7356666667	-73.9923333333
40.746_-73.984_80_gsv_5.jpg	40.7296	-73.9968	40.7316	-73.9948
40.438_-79.997_110_gsv_1.jpg	40.441	-79.9976666667	40.443	-79.9956666667
40.75_-73.981_60_gsv_3.jpg	40.442	-79.997	40.444	-79.995
28.557_-81.381_110_gsv_2.jpg	40.442	-79.997	40.444	-79.995
40.753_-73.988_80_gsv_1.jpg	40.7313333333	-73.9883333333	40.7333333333	-73.9863333333
40.749_-73.976_110_gsv_4.jpg	28.5453333333	-81.38	28.5473333333	-81.378
40.745_-73.98_40_gsv_5.jpg	40.7383333333	-73.9866666667	40.7403333333	-73.9846666667
40.731_-74.011_60_gsv_3.jpg	40.7386666667	-74.01	40.7406666667	-74.008
40.75_-73.977_40_gsv_5.jpg	40.4375	-79.99875	40.4395	-79.99675
40.74_-74.006_80_gsv_3.jpg	40.73475	-74.0105	40.73675	-74.0085
40.839_-73.941_80_gsv_5.jpg	40.442	-79.997	40.444	-79.995
40.76_-73.962_60_gsv_3.jpg	40.437	-79.9986666667	40.439	-79.9966666667
40.441_-79.987_60_gsv_4.jpg	40.747	-74.0074	40.749	-74.0054
28.548_-81.37_90_gsv_2.jpg	40.44	-79.99675	40.442	-79.99475
40.707_-74.005_80_gsv_1.jpg	28.548	-81.38	28.55	-81.378
40.754_-74.007_60_gsv_3.jpg	40.7566666667	-74.0056666667	40.7586666667	-74.0036666667
40.763_-73.995_60_gsv_4.jpg	40.442	-79.997	40.444	-79.995
40.729_-73.979_80_gsv_1.jpg	40.73	-74.0015	40.732	-73.9995
40.438_-79.99_90_gsv_1.jpg	40.4453333333	-79.992	40.4473333333	-79.99
40.709_-74.012_60_gsv_0.jpg	40.749	-73.9845	40.751	-73.9825
28.547_-81.377_60_gsv_5.jpg	40.442	-79.997	40.444	-79.995
40.448_-79.991_80_gsv_0.jpg	40.73375	-74.0075	40.73575	-74.0055
40.728_-73.977_60_gsv_3.jpg	40.4433333333	-79.9986666667	40.4453333333	-79.9966666667
40.759_-73.987_80_gsv_5.jpg	40.744	-73.9946666667	40.746	-73.9926666667
40.729_-73.992_80_gsv_5.jpg	40.7343333333	-73.993	40.7363333333	-73.991
40.749_-73.991_90_gsv_5.jpg	40.4408	-79.9946	40.4428	-79.9926
40.752_-73.996_110_gsv_3.jpg	40.44125	-79.99925	40.44325	-79.99725
40.758_-73.991_110_gsv_4.jpg	28.551	-81.38225	28.553	-81.38025
40.745_-73.972_60_gsv_3.jpg	40.4395	-79.999	40.4415	-79.997
40.436_-80_40_gsv_0.jpg	40.75	-73.969	40.752	-73.967
40.747_-73.978_80_gsv_2.jpg	40.4463333333	-79.9916666667	40.4483333333	-79.9896666667
40.448_-79.99_40_gsv_5.jpg	40.442	-79.997	40.444	-79.995
40.752_-73.969_60_gsv_4.jpg	40.759	-73.9935	40.761	-73.9915
28.547_-81.376_60_gsv_2.jpg	40.7486666667	-73.97	40.7506666667	-73.968
40.748_-73.98_40_gsv_3.jpg	40.4415	-80.001	40.4435	-79.999
40.76_-74.003_80_gsv_5.jpg	40.74425	-73.9955	40.74625	-73.9935
40.751_-73.987_40_gsv_3.jpg	40.442	-79.997	40.444	-79.995
40.729_-73.993_60_gsv_4.jpg	40.442	-79.997	40.444	-79.995
40.737_-74.006_80_gsv_1.jpg	40.442	-79.997	40.444	-79.995
40.73_-73.988_60_gsv_1.jpg	40.7325	-74.0055	40.7345	-74.0035
40.756_-73.988_60_gsv_0.jpg	40.731	-73.9893333333	40.733	-73.9873333333
40.745_-73.972_110_gsv_0.jpg	40.4403333333	-79.9996666667	40.4423333333	-79.9976666667
28.542_-81.379_60_gsv_2.jpg	40.4375	-79.992	40.4395	-79.99
28.544_-81.376_80_gsv_0.jpg	28.5546666667	-81.382	28.5566666667	-81.38
28.542_-81.381_90_gsv_2.jpg	28.55025	-81.382	28.55225	-81.38
28.54_-81.38_90_gsv_5.jpg	40.4446666667	-79.9956666667	40.4466666667	-79.9936666667
40.435_-79.994_110_gsv_2.jpg	28.552	-81.379	28.554	-81.377
40.733_-73.984_90_gsv_1.jpg	40.7496666667	-73.9773333333	40.7516666667	-73.9753333333
28.542_-81.381_90_gsv_4.jpg	40.7316666667	-73.9996666667	40.7336666667	-73.9976666667
40.746_-73.986_60_gsv_4.jpg	40.442	-79.997	40.444	-79.995
40.445_-79.998_40_gsv_2.jpg	40.442	-79.997	40.444	-79.995
40.744_-73.98_60_gsv_2.jpg	40.439	-79.99775	40.441	-79.99575
40.755_-74.003_90_gsv_5.jpg	40.754	-74.004	40.756	-74.002
40.736_-73.982_80_gsv_1.jpg	40.74075	-73.995	40.74275	-73.993
28.537_-81.375_110_gsv_0.jpg	40.444	-79.9945	40.446	-79.9925
40.754_-73.982_80_gsv_2.jpg	40.7425	-73.98725	40.7445	-73.98525
40.441_-80.003_40_gsv_2.jpg	40.4415	-79.998	40.4435	-79.996
40.733_-74.002_40_gsv_1.jpg	40.724	-73.9996666667	40.726	-73.9976666667
40.725_-73.976_60_gsv_1.jpg	40.73375	-73.98475	40.73575	-73.98275
40.448_-79.99_90_gsv_1.jpg	40.443	-79.9958	40.445	-79.9938
40.733_-73.987_40_gsv_5.jpg	40.75	-73.993	40.752	-73.991
40.741_-74.009_110_gsv_3.jpg	40.75	-73.993	40.752	-73.991
40.745_-73.975_90_gsv_1.jpg	40.7313333333	-73.986	40.7333333333	-73.984
40.725_-73.976_80_gsv_4.jpg	28.548	-81.381	28.55	-81.379
40.737_-73.999_60_gsv_4.jpg	40.7375	-73.995	40.7395	-73.993
28.553_-81.381_60_gsv_1.jpg	28.5522	-81.3822	28.5542	-81.3802
40.439_-80.004_60_gsv_0.jpg	40.75	-73.98575	40.752	-73.98375
40.438_-80.001_110_gsv_5.jpg	40.4426666667	-79.998	40.4446666667	-79.996
40.739_-73.996_60_gsv_0.jpg	40.7523333333	-73.9853333333	40.7543333333	-73.9833333333
28.546_-81.375_40_gsv_5.jpg	40.442	-79.997	40.444	-79.995
40.754_-73.995_90_gsv_1.jpg	40.75525	-73.999	40.75725	-73.997
40.76_-73.958_60_gsv_5.jpg	40.441	-79.997	40.443	-79.995
40.76_-73.963_60_gsv_0.jpg	40.437	-79.99625	40.439	-79.99425
40.714_-74.014_40_gsv_4.jpg	40.442	-79.997	40.444	-79.995
40.435_-79.993_110_gsv_0.jpg	40.437	-79.999	40.439	-79.997
40.762_-73.959_40_gsv_3.jpg	40.7386666667	-74.0006666667	40.7406666667	-73.9986666667
40.751_-73.979_40_gsv_1.jpg	40.7443333333	-73.9876666667	40.7463333333	-73.9856666667
40.747_-73.98_60_gsv_4.jpg	40.7506666667	-73.9913333333	40.7526666667	-73.9893333333
40.44_-80.001_60_gsv_3.jpg	40.7364	-73.9928	40.7384	-73.9908
40.445_-80_90_gsv_1.jpg	40.444	-80.0005	40.446	-79.9985
40.449_-79.989_90_gsv_5.jpg	40.7526666667	-74.0066666667	40.7546666667	-74.0046666667
40.749_-73.987_90_gsv_4.jpg	40.75	-73.993	40.752	-73.991
40.446_-79.996_80_gsv_0.jpg	40.75	-73.969	40.752	-73.967
40.447_-79.996_90_gsv_3.jpg	40.442	-79.997	40.444	-79.995
40.435_-79.992_90_gsv_2.jpg	40.442	-79.997	40.444	-79.995
40.758_-73.959_80_gsv_2.jpg	40.7523333333	-73.966	40.7543333333	-73.964
40.447_-79.991_60_gsv_0.jpg	40.7566666667	-74.0046666667	40.7586666667	-74.0026666667
40.752_-73.969_40_gsv_0.jpg	40.74025	-74.01	40.74225	-74.008
40.752_-73.975_80_gsv_0.jpg	40.7366	-73.9974	40.7386	-73.9954
28.539_-81.379_90_gsv_3.jpg	40.726	-73.984	40.728	-73.982
40.748_-73.974_90_gsv_0.jpg	40.435	-79.998	40.437	-79.996
40.437_-80.002_90_gsv_4.jpg	40.442	-79.997	40.444	-79.995
40.748_-73.98_60_gsv_3.jpg	40.7353333333	-73.9933333333	40.7373333333	-73.9913333333
40.443_-79.994_90_gsv_3.jpg	40.442	-79.9965	40.444	-79.9945
40.754_-74.001_90_gsv_1.jpg	40.7295	-74.0085	40.7315	-74.0065
28.548_-81.375_110_gsv_2.jpg	40.7315	-73.9855	40.7335	-73.9835
40.839_-73.946_80_gsv_0.jpg	40.754	-74.0066666667	40.756	-74.0046666667
40.755_-73.976_80_gsv_2.jpg	40.72875	-73.9965	40.73075	-73.9945
40.749_-73.973_40_gsv_3.jpg	40.4395	-79.999	40.4415	-79.997
40.745_-73.977_110_gsv_5.jpg	40.7465	-73.98925	40.7485	-73.98725
40.734_-73.988_60_gsv_2.jpg	40.437	-79.9983333333	40.439	-79.9963333333
40.438_-79.994_110_gsv_3.jpg	40.442	-79.997	40.444	-79.995
40.748_-73.983_90_gsv_4.jpg	40.7316	-73.9992	40.7336	-73.9972
40.728_-73.984_80_gsv_1.jpg	40.7436666667	-73.9873333333	40.7456666667	-73.9853333333
40.754_-73.973_90_gsv_1.jpg	40.745	-73.984	40.747	-73.982
40.754_-73.963_60_gsv_0.jpg	40.7453333333	-73.9923333333	40.7473333333	-73.9903333333
40.763_-74.001_80_gsv_0.jpg	40.73575	-73.99375	40.73775	-73.99175
28.558_-81.38_110_gsv_0.jpg	40.7406666667	-73.9916666667	40.7426666667	-73.9896666667
40.754_-73.981_80_gsv_3.jpg	40.442	-79.997	40.444	-79.995
40.444_-80_40_gsv_2.jpg	40.442	-79.997	40.444	-79.995
40.757_-73.992_60_gsv_5.jpg	40.7438	-73.9844	40.7458	-73.9824
40.753_-73.963_60_gsv_3.jpg	40.7315	-73.9855	40.7335	-73.9835
40.739_-73.985_90_gsv_5.jpg	40.743	-73.9856666667	40.745	-73.9836666667
40.733_-73.983_90_gsv_0.jpg	28.551	-81.382	28.553	-81.38
28.541_-81.381_110_gsv_4.jpg	40.442	-79.997	40.444	-79.995
40.44_-79.993_110_gsv_3.jpg	40.442	-79.997	40.444	-79.995
40.736_-73.997_90_gsv_5.jpg	40.73	-74.002	40.732	-74.0
40.446_-79.998_80_gsv_4.jpg	40.4404	-80.0012	40.4424	-79.9992
40.756_-73.987_90_gsv_0.jpg	40.441	-80.0003333333	40.443	-79.9983333333
40.741_-73.993_110_gsv_2.jpg	40.74025	-74.0005	40.74225	-73.9985
40.74_-73.993_90_gsv_5.jpg	40.736	-73.9956666667	40.738	-73.9936666667
28.556_-81.379_40_gsv_1.jpg	40.731	-73.987	40.733	-73.985
40.739_-74.008_40_gsv_0.jpg	40.7495	-74.00775	40.7515	-74.00575
40.446_-80.003_40_gsv_3.jpg	40.74825	-74.00675	40.75025	-74.00475
40.747_-73.987_90_gsv_4.jpg	40.4405	-79.997	40.4425	-79.995
40.748_-73.988_90_gsv_0.jpg	40.74275	-73.9845	40.74475	-73.9825
28.554_-81.379_40_gsv_3.jpg	28.552	-81.3825	28.554	-81.3805
40.843_-73.944_90_gsv_2.jpg	40.442	-79.997	40.444	-79.995
40.445_-79.998_60_gsv_3.jpg	40.442	-79.997	40.444	-79.995
40.756_-73.991_110_gsv_2.jpg	40.4446666667	-79.996	40.4466666667	-79.994
40.741_-73.994_90_gsv_5.jpg	40.7485	-74.00875	40.7505	-74.00675
40.752_-73.986_60_gsv_0.jpg	40.4396666667	-79.9966666667	40.4416666667	-79.9946666667
40.735_-73.995_90_gsv_2.jpg	40.734	-73.9875	40.736	-73.9855
40.754_-73.974_110_gsv_1.jpg	40.4355	-80.0025	40.4375	-80.0005
28.549_-81.377_80_gsv_0.jpg	28.54775	-81.3795	28.54975	-81.3775
40.731_-73.991_40_gsv_0.jpg	40.4423333333	-79.9983333333	40.4443333333	-79.9963333333
40.729_-73.986_80_gsv_1.jpg	40.7393333333	-73.988	40.7413333333	-73.986
40.443_-80.006_40_gsv_3.jpg	40.4418	-80.0	40.4438	-79.998
40.755_-74.006_60_gsv_0.jpg	40.748	-74.00825	40.75	-74.00625
40.72_-74.01_80_gsv_5.jpg	40.439	-79.999	40.441	-79.997
40.717_-74.007_80_gsv_5.jpg	40.7125	-74.0075	40.7145	-74.0055
40.76_-73.959_40_gsv_0.jpg	40.7348	-73.99	40.7368	-73.988
28.554_-81.379_60_gsv_1.jpg	28.5445	-81.383	28.5465	-81.381
40.761_-73.961_60_gsv_3.jpg	40.442	-79.997	40.444	-79.995
40.449_-79.989_110_gsv_0.jpg	40.448	-79.99	40.45	-79.988
40.438_-80_40_gsv_2.jpg	40.442	-79.997	40.444	-79.995
28.545_-81.378_80_gsv_1.jpg	40.73725	-73.99675	40.73925	-73.99475
40.709_-74.005_80_gsv_0.jpg	40.4396666667	-79.9966666667	40.4416666667	-79.9946666667
28.546_-81.377_90_gsv_1.jpg	40.442	-79.997	40.444	-79.995
40.75_-73.989_110_gsv_0.jpg	40.7475	-73.98875	40.7495	-73.98675
40.441_-80_80_gsv_1.jpg	40.4386666667	-79.9963333333	40.4406666667	-79.9943333333
40.441_-80.004_110_gsv_1.jpg	40.4424	-79.9974	40.4444	-79.9954
28.549_-81.381_110_gsv_1.jpg	28.5514	-81.3828	28.5534	-81.3808
40.731_-74_80_gsv_5.jpg	40.736	-73.9873333333	40.738	-73.9853333333
40.443_-80.001_80_gsv_4.jpg	40.75	-73.975	40.752	-73.973
40.724_-74.012_40_gsv_5.jpg	40.743	-74.0092	40.745	-74.0072
40.756_-74.003_60_gsv_5.jpg	40.7438	-73.9958	40.7458	-73.9938
40.759_-73.958_110_gsv_4.jpg	40.4445	-79.9915	40.4465	-79.9895
40.734_-74.003_60_gsv_2.jpg	40.7416666667	-73.996	40.7436666667	-73.994
40.759_-74.004_60_gsv_3.jpg	40.7436666667	-74.009	40.7456666667	-74.007
40.738_-73.996_80_gsv_0.jpg	40.7425	-73.997	40.7445	-73.995
40.718_-74.006_110_gsv_3.jpg	40.7346666667	-73.9976666667	40.7366666667	-73.9956666667
28.55_-81.377_80_gsv_3.jpg	28.552	-81.3804	28.554	-81.3784
40.758_-73.958_110_gsv_0.jpg	40.4394	-79.9994	40.4414	-79.9974
40.753_-73.983_90_gsv_4.jpg	40.7433333333	-73.9966666667	40.7453333333	-73.9946666667
40.763_-74.001_60_gsv_5.jpg	40.7495	-73.98275	40.7515	-73.98075
40.752_-73.977_90_gsv_2.jpg	40.744	-73.9883333333	40.746	-73.9863333333
40.734_-74.01_40_gsv_0.jpg	40.4433333333	-79.9953333333	40.4453333333	-79.9933333333
40.752_-73.976_60_gsv_0.jpg	40.7363333333	-74.0023333333	40.7383333333	-74.0003333333
40.747_-73.976_60_gsv_3.jpg	40.741	-73.9836	40.743	-73.9816
40.444_-79.996_40_gsv_5.jpg	40.73125	-73.98625	40.73325	-73.98425
40.734_-74_110_gsv_1.jpg	40.4365	-79.9895	40.4385	-79.9875
40.739_-74.002_90_gsv_5.jpg	40.7445	-74.00175	40.7465	-73.99975
28.545_-81.38_90_gsv_3.jpg	40.752	-74.008	40.754	-74.006
40.744_-73.976_110_gsv_2.jpg	40.4393333333	-79.9916666667	40.4413333333	-79.9896666667
40.439_-79.998_80_gsv_2.jpg	40.7386666667	-73.9933333333	40.7406666667	-73.9913333333
40.755_-73.977_40_gsv_2.jpg	40.4365	-80.0025	40.4385	-80.0005
40.437_-80.003_80_gsv_5.jpg	40.442	-79.997	40.444	-79.995
40.734_-73.977_40_gsv_4.jpg	40.43775	-80.00025	40.43975	-79.99825
40.755_-73.992_110_gsv_3.jpg	40.442	-79.997	40.444	-79.995
28.545_-81.379_40_gsv_1.jpg	40.7433333333	-73.9993333333	40.7453333333	-73.9973333333
40.762_-73.959_60_gsv_4.jpg	40.7452	-73.9862	40.7472	-73.9842
40.754_-73.995_90_gsv_3.jpg	40.749	-73.9915	40.751	-73.9895
40.73_-73.98_90_gsv_1.jpg	28.5516666667	-81.3796666667	28.5536666667	-81.3776666667
40.759_-73.959_90_gsv_5.jpg	40.7508	-73.9678	40.7528	-73.9658
40.444_-80.002_110_gsv_4.jpg	40.737	-73.9853333333	40.739	-73.9833333333
40.443_-80.004_60_gsv_0.jpg	40.7345	-73.99475	40.7365	-73.99275
28.548_-81.372_60_gsv_4.jpg	40.7435	-73.9705	40.7455	-73.9685
40.753_-73.983_110_gsv_5.jpg	40.4373333333	-79.998	40.4393333333	-79.996
40.44_-79.998_80_gsv_2.jpg	40.736	-73.98975	40.738	-73.98775
40.442_-79.991_60_gsv_1.jpg	40.442	-79.997	40.444	-79.995
40.733_-73.985_40_gsv_1.jpg	40.75	-73.969	40.752	-73.967
40.743_-73.993_60_gsv_0.jpg	40.7313333333	-73.986	40.7333333333	-73.984
40.747_-74.008_90_gsv_5.jpg	40.444	-79.9946666667	40.446	-79.9926666667
40.732_-73.986_80_gsv_1.jpg	40.731	-73.987	40.733	-73.985
28.543_-81.382_60_gsv_3.jpg	28.55275	-81.38275	28.55475	-81.38075
40.734_-73.998_60_gsv_2.jpg	40.75	-73.969	40.752	-73.967
40.733_-73.983_90_gsv_4.jpg	40.709	-74.013	40.711	-74.011
40.745_-73.975_80_gsv_3.jpg	40.44175	-79.999	40.44375	-79.997
40.754_-73.981_40_gsv_4.jpg	40.743	-74.009	40.745	-74.007
40.75_-73.985_90_gsv_1.jpg	40.7425	-74.0095	40.7445	-74.0075
40.739_-74.005_80_gsv_0.jpg	40.7393333333	-73.9866666667	40.7413333333	-73.9846666667
40.439_-79.992_80_gsv_0.jpg	40.4455	-79.9935	40.4475	-79.9915
40.758_-73.99_90_gsv_5.jpg	40.441	-79.9915	40.443	-79.9895
40.744_-73.973_90_gsv_4.jpg	40.744	-73.97675	40.746	-73.97475
40.718_-74.011_90_gsv_3.jpg	40.442	-79.997	40.444	-79.995
40.722_-74.012_40_gsv_5.jpg	40.754	-74.007	40.756	-74.005
40.751_-73.992_90_gsv_1.jpg	40.442	-79.997	40.444	-79.995
40.714_-74.013_80_gsv_0.jpg	40.435	-79.9978	40.437	-79.9958
28.547_-81.381_40_gsv_0.jpg	40.752	-73.994	40.754	-73.992
40.749_-73.977_40_gsv_4.jpg	40.7493333333	-73.9956666667	40.7513333333	-73.9936666667
40.749_-73.973_90_gsv_5.jpg	40.739	-73.9913333333	40.741	-73.9893333333
40.726_-73.98_60_gsv_5.jpg	28.549	-81.3823333333	28.551	-81.3803333333
40.444_-79.988_60_gsv_1.jpg	40.444	-79.9945	40.446	-79.9925
40.733_-73.975_110_gsv_4.jpg	40.4423333333	-79.9983333333	40.4443333333	-79.9963333333
40.73_-74.008_40_gsv_5.jpg	40.75	-73.969	40.752	-73.967
40.756_-73.979_80_gsv_0.jpg	40.749	-73.96975	40.751	-73.96775
40.734_-73.986_110_gsv_4.jpg	40.7466	-73.9904	40.7486	-73.9884
40.737_-73.996_60_gsv_0.jpg	40.74625	-73.9855	40.74825	-73.9835
40.443_-79.997_80_gsv_4.jpg	40.4385	-79.999	40.4405	-79.997
40.44_-79.989_80_gsv_2.jpg	40.74	-73.981	40.742	-73.979
40.729_-73.98_40_gsv_2.jpg	40.75	-73.993	40.752	-73.991
40.752_-73.97_90_gsv_5.jpg	40.7336666667	-73.9883333333	40.7356666667	-73.9863333333
40.44_-80.005_80_gsv_2.jpg	40.4433333333	-79.9983333333	40.4453333333	-79.9963333333
40.736_-73.978_40_gsv_1.jpg	40.4383333333	-79.9976666667	40.4403333333	-79.9956666667
28.54_-81.379_90_gsv_2.jpg	28.5473333333	-81.3806666667	28.5493333333	-81.3786666667
40.755_-73.983_60_gsv_3.jpg	40.442	-79.997	40.444	-79.995
40.756_-73.988_90_gsv_3.jpg	40.74325	-73.99175	40.74525	-73.98975
40.747_-73.978_60_gsv_5.jpg	28.5486666667	-81.382	28.5506666667	-81.38
40.712_-74.008_60_gsv_0.jpg	40.739	-73.993	40.741	-73.991
28.544_-81.382_40_gsv_2.jpg	40.7545	-74.00525	40.7565	-74.00325
40.446_-79.998_60_gsv_5.jpg	40.74375	-73.99425	40.74575	-73.99225
40.747_-73.986_80_gsv_4.jpg	40.748	-73.983	40.75	-73.981
28.544_-81.376_80_gsv_4.jpg	28.5478	-81.382	28.5498	-81.38
40.713_-74.01_40_gsv_5.jpg	40.442	-80.004	40.444	-80.002
40.759_-74.003_60_gsv_4.jpg	40.74825	-74.00675	40.75025	-74.00475
40.733_-74.007_80_gsv_4.jpg	40.4383333333	-79.998	40.4403333333	-79.996
28.556_-81.381_80_gsv_0.jpg	28.555	-81.382	28.557	-81.38
40.712_-74.01_110_gsv_0.jpg	40.442	-79.997	40.444	-79.995
40.447_-79.993_60_gsv_1.jpg	40.442	-79.997	40.444	-79.995
28.544_-81.378_60_gsv_0.jpg	28.541	-81.3783333333	28.543	-81.3763333333
28.553_-81.376_60_gsv_1.jpg	28.5492	-81.38	28.5512	-81.378
40.742_-74.007_80_gsv_5.jpg	40.74075	-74.00925	40.74275	-74.00725
40.762_-73.959_110_gsv_5.jpg	40.757	-73.9686666667	40.759	-73.9666666667
40.752_-73.974_110_gsv_2.jpg	40.735	-74.0026	40.737	-74.0006
40.75_-73.992_90_gsv_3.jpg	40.438	-80.0003333333	40.44	-79.9983333333
40.739_-73.988_80_gsv_4.jpg	40.7336666667	-73.9866666667	40.7356666667	-73.9846666667
40.73_-73.988_40_gsv_3.jpg	40.71825	-74.00475	40.72025	-74.00275
40.739_-73.988_110_gsv_5.jpg	40.73875	-73.99225	40.74075	-73.99025
40.439_-79.995_60_gsv_5.jpg	40.4395	-79.9945	40.4415	-79.9925
40.725_-73.976_60_gsv_0.jpg	40.7396	-73.9894	40.7416	-73.9874
40.746_-74.008_80_gsv_5.jpg	28.5533333333	-81.3826666667	28.5553333333	-81.3806666667
40.733_-73.987_60_gsv_5.jpg	40.44	-79.999	40.442	-79.997
40.443_-79.995_40_gsv_3.jpg	40.442	-79.997	40.444	-79.995
28.553_-81.38_80_gsv_0.jpg	28.552	-81.3793333333	28.554	-81.3773333333
40.442_-80.001_60_gsv_0.jpg	40.435	-79.997	40.437	-79.995
40.44_-80.005_90_gsv_5.jpg	40.4426666667	-79.9976666667	40.4446666667	-79.9956666667
40.75_-73.99_40_gsv_1.jpg	40.442	-80.004	40.444	-80.002
28.549_-81.381_80_gsv_4.jpg	40.72675	-74.0125	40.72875	-74.0105
40.723_-74.012_80_gsv_0.jpg	40.7275	-74.00375	40.7295	-74.00175
40.747_-73.987_80_gsv_0.jpg	40.43975	-80.0015	40.44175	-79.9995
28.554_-81.382_40_gsv_0.jpg	40.7363333333	-74.0103333333	40.7383333333	-74.0083333333
28.546_-81.382_40_gsv_3.jpg	40.7276666667	-74.0123333333	40.7296666667	-74.0103333333
40.438_-79.992_60_gsv_0.jpg	40.442	-79.997	40.444	-79.995
40.749_-73.977_60_gsv_3.jpg	40.7476666667	-73.9816666667	40.7496666667	-73.9796666667
40.763_-73.996_60_gsv_2.jpg	40.748	-73.9893333333	40.75	-73.9873333333
40.729_-74.011_40_gsv_5.jpg	28.5482	-81.3818	28.5502	-81.3798
40.72_-74.005_90_gsv_2.jpg	40.7313333333	-73.986	40.7333333333	-73.984
40.753_-73.989_60_gsv_0.jpg	40.73	-73.993	40.732	-73.991
40.744_-74.008_40_gsv_2.jpg	40.7313333333	-73.986	40.7333333333	-73.984
28.55_-81.382_90_gsv_2.jpg	28.5522	-81.3828	28.5542	-81.3808
40.753_-73.992_40_gsv_3.jpg	40.75	-73.969	40.752	-73.967
40.71_-74.011_90_gsv_4.jpg	40.44325	-79.996	40.44525	-79.994
40.742_-73.988_40_gsv_2.jpg	40.43825	-79.99925	40.44025	-79.99725
40.76_-73.988_80_gsv_3.jpg	40.442	-79.997	40.444	-79.995
28.551_-81.38_80_gsv_1.jpg	40.7386666667	-74.0103333333	40.7406666667	-74.0083333333
40.756_-73.995_110_gsv_0.jpg	40.442	-79.997	40.444	-79.995
40.725_-73.978_60_gsv_3.jpg	40.74375	-73.98475	40.74575	-73.98275
28.546_-81.376_60_gsv_0.jpg	40.7436666667	-73.9933333333	40.7456666667	-73.9913333333
40.729_-74.003_40_gsv_0.jpg	40.7313333333	-73.9836666667	40.7333333333	-73.9816666667
40.759_-73.987_60_gsv_4.jpg	40.7506666667	-73.975	40.7526666667	-73.973
40.739_-74.007_90_gsv_0.jpg	40.435	-79.997	40.437	-79.995
40.737_-73.999_60_gsv_0.jpg	40.738	-73.988	40.74	-73.986
40.442_-79.994_110_gsv_5.jpg	40.441	-79.998	40.443	-79.996
40.739_-74.004_40_gsv_4.jpg	40.442	-79.997	40.444	-79.995
40.757_-73.992_60_gsv_4.jpg	40.4443333333	-79.995	40.4463333333	-79.993
40.447_-79.995_90_gsv_3.jpg	40.442	-79.997	40.444	-79.995
40.755_-73.963_80_gsv_4.jpg	40.4396666667	-80.003	40.4416666667	-80.001
40.747_-73.982_40_gsv_3.jpg	40.442	-79.997	40.444	-79.995
40.733_-73.997_110_gsv_5.jpg	40.4385	-80.0005	40.4405	-79.9985
40.737_-73.978_80_gsv_2.jpg	40.442	-79.997	40.444	-79.995
40.741_-73.989_60_gsv_3.jpg	40.44125	-80.00025	40.44325	-79.99825
40.724_-74.009_80_gsv_5.jpg	40.44425	-80.0015	40.44625	-79.9995
40.718_-74.005_60_gsv_2.jpg	40.7425	-73.99375	40.7445	-73.99175
40.725_-74.01_40_gsv_0.jpg	40.75	-73.969	40.752	-73.967
40.749_-73.991_110_gsv_1.jpg	40.7333333333	-73.9896666667	40.7353333333	-73.9876666667
40.44_-79.993_110_gsv_4.jpg	40.442	-79.997	40.444	-79.995
40.712_-74.01_40_gsv_2.jpg	40.44	-79.9976666667	40.442	-79.9956666667
40.445_-79.994_40_gsv_0.jpg	40.4415	-80.001	40.4435	-79.999
40.71_-74.006_90_gsv_3.jpg	40.435	-79.997	40.437	-79.995
40.757_-73.993_80_gsv_1.jpg	40.442	-79.997	40.444	-79.995
40.734_-74.001_40_gsv_4.jpg	40.7486666667	-73.97	40.7506666667	-73.968
40.737_-73.984_60_gsv_1.jpg	40.735	-73.9888	40.737	-73.9868
40.708_-74.004_80_gsv_1.jpg	40.442	-79.997	40.444	-79.995
40.439_-79.996_90_gsv_2.jpg	28.5466666667	-81.379	28.5486666667	-81.377
40.732_-73.999_110_gsv_2.jpg	40.747	-73.984	40.749	-73.982
40.734_-74.01_90_gsv_0.jpg	40.442	-80.003	40.444	-80.001
40.731_-74.008_60_gsv_4.jpg	40.737	-73.985	40.739	-73.983
40.755_-73.988_80_gsv_4.jpg	40.75375	-73.97725	40.75575	-73.97525
40.745_-73.977_110_gsv_1.jpg	40.744	-73.981	40.746	-73.979
40.749_-74.008_40_gsv_4.jpg	40.75175	-74.00625	40.75375	-74.00425
40.439_-80.012_40_gsv_4.jpg	40.73	-74.002	40.732	-74.0
40.442_-80.002_90_gsv_4.jpg	40.4415	-80.0	40.4435	-79.998
40.758_-73.99_40_gsv_2.jpg	40.7476	-73.9708	40.7496	-73.9688
40.754_-73.999_80_gsv_5.jpg	40.7313333333	-73.986	40.7333333333	-73.984
40.733_-74.001_80_gsv_1.jpg	40.7426666667	-73.981	40.7446666667	-73.979
40.731_-74_80_gsv_0.jpg	40.435	-79.9983333333	40.437	-79.9963333333
40.449_-79.989_80_gsv_3.jpg	40.448	-79.99	40.45	-79.988
40.743_-74.009_80_gsv_4.jpg	40.742	-74.01	40.744	-74.008
28.543_-81.376_80_gsv_1.jpg	28.5525	-81.38125	28.5545	-81.37925
40.751_-73.974_110_gsv_4.jpg	40.44	-79.994	40.442	-79.992
40.444_-80.001_110_gsv_4.jpg	40.44325	-79.993	40.44525	-79.991
40.438_-79.995_60_gsv_1.jpg	28.5506666667	-81.38	28.5526666667	-81.378
40.442_-79.996_60_gsv_2.jpg	40.4396666667	-80.003	40.4416666667	-80.001
40.736_-74.007_110_gsv_5.jpg	40.7353333333	-73.9933333333	40.7373333333	-73.9913333333
40.746_-73.984_60_gsv_2.jpg	40.7313333333	-73.9883333333	40.7333333333	-73.9863333333
40.757_-73.981_40_gsv_4.jpg	40.442	-79.997	40.444	-79.995
28.549_-81.378_80_gsv_5.jpg	40.752	-74.008	40.754	-74.006
40.439_-79.993_40_gsv_4.jpg	40.442	-79.997	40.444	-79.995
28.54_-81.378_60_gsv_2.jpg	40.442	-79.997	40.444	-79.995
40.735_-73.998_110_gsv_5.jpg	28.5536666667	-81.3803333333	28.5556666667	-81.3783333333
28.547_-81.381_90_gsv_2.jpg	28.551	-81.382	28.553	-81.38
40.761_-73.96_60_gsv_5.jpg	40.7483333333	-73.987	40.7503333333	-73.985
40.729_-74.002_60_gsv_4.jpg	40.7495	-73.9875	40.7515	-73.9855
40.44_-80.003_90_gsv_5.jpg	40.751	-73.9786666667	40.753	-73.9766666667
40.754_-74_80_gsv_5.jpg	40.442	-79.997	40.444	-79.995
40.733_-73.996_80_gsv_2.jpg	40.758	-74.0015	40.76	-73.9995
40.75_-73.977_110_gsv_3.jpg	40.4456666667	-79.9933333333	40.4476666667	-79.9913333333
40.439_-79.996_60_gsv_3.jpg	40.4426666667	-79.9996666667	40.4446666667	-79.9976666667
40.754_-74.007_110_gsv_0.jpg	40.7436666667	-73.9933333333	40.7456666667	-73.9913333333
40.741_-73.988_110_gsv_5.jpg	40.442	-79.997	40.444	-79.995
40.75_-73.991_60_gsv_0.jpg	28.549	-81.3826	28.551	-81.3806
40.757_-73.962_60_gsv_5.jpg	40.749	-73.98675	40.751	-73.98475
40.745_-73.975_90_gsv_4.jpg	40.4416666667	-79.9996666667	40.4436666667	-79.9976666667
40.752_-73.984_110_gsv_3.jpg	40.7513333333	-73.9856666667	40.7533333333	-73.9836666667
40.75_-74.008_40_gsv_5.jpg	28.5503333333	-81.3826666667	28.5523333333	-81.3806666667
40.746_-73.978_90_gsv_3.jpg	40.7315	-73.9855	40.7335	-73.9835
40.726_-73.98_110_gsv_4.jpg	40.442	-79.997	40.444	-79.995
40.438_-80_60_gsv_0.jpg	40.7463333333	-73.9876666667	40.7483333333	-73.9856666667
40.444_-79.997_60_gsv_2.jpg	40.7516	-73.9838	40.7536	-73.9818
40.84_-73.946_110_gsv_0.jpg	40.7464	-74.0026	40.7484	-74.0006
40.759_-73.959_80_gsv_0.jpg	40.4393333333	-79.993	40.4413333333	-79.991
40.709_-74.005_90_gsv_5.jpg	40.7525	-73.994	40.7545	-73.992
40.724_-74.004_90_gsv_3.jpg	40.737	-73.988	40.739	-73.986
40.748_-73.981_40_gsv_3.jpg	40.441	-80.001	40.443	-79.999
40.436_-79.995_90_gsv_0.jpg	40.442	-79.997	40.444	-79.995
40.732_-73.992_110_gsv_3.jpg	40.74025	-73.997	40.74225	-73.995
40.759_-73.985_60_gsv_0.jpg	40.743	-73.986	40.745	-73.984
28.555_-81.382_40_gsv_3.jpg	40.754	-74.00625	40.756	-74.00425
40.726_-74.01_110_gsv_3.jpg	40.7565	-74.005	40.7585	-74.003
40.842_-73.944_40_gsv_0.jpg	40.74575	-73.994	40.74775	-73.992
40.443_-80.001_110_gsv_2.jpg	40.442	-79.997	40.444	-79.995
40.736_-73.976_80_gsv_2.jpg	40.73775	-73.98525	40.73975	-73.98325
40.747_-74.008_110_gsv_0.jpg	40.7413333333	-73.9996666667	40.7433333333	-73.9976666667
40.742_-73.998_40_gsv_5.jpg	40.4425	-79.999	40.4445	-79.997
40.74_-74.009_90_gsv_2.jpg	40.7496666667	-74.0066666667	40.7516666667	-74.0046666667
40.44_-79.992_80_gsv_3.jpg	40.442	-79.997	40.444	-79.995
40.753_-73.99_60_gsv_4.jpg	40.44225	-80.00275	40.44425	-80.00075
40.724_-74.012_80_gsv_4.jpg	40.7274	-74.0124	40.7294	-74.0104
40.743_-73.979_60_gsv_1.jpg	28.551	-81.382	28.553	-81.38
40.444_-79.995_110_gsv_1.jpg	40.7373333333	-73.9806666667	40.7393333333	-73.9786666667
40.746_-74.008_90_gsv_4.jpg	40.73175	-74.00725	40.73375	-74.00525
40.76_-73.99_60_gsv_5.jpg	40.438	-79.9925	40.44	-79.9905
28.542_-81.379_80_gsv_2.jpg	40.7505	-73.995	40.7525	-73.993
40.747_-73.975_110_gsv_2.jpg	40.44125	-79.9955	40.44325	-79.9935
28.544_-81.379_80_gsv_1.jpg	28.54775	-81.38225	28.54975	-81.38025
40.443_-79.997_90_gsv_4.jpg	28.556	-81.38	28.558	-81.378
40.751_-73.989_90_gsv_0.jpg	40.442	-79.997	40.444	-79.995
40.754_-73.985_80_gsv_0.jpg	40.7526666667	-73.9933333333	40.7546666667	-73.9913333333
40.756_-74.004_110_gsv_3.jpg	40.442	-79.997	40.444	-79.995
40.751_-73.973_80_gsv_0.jpg	40.442	-79.997	40.444	-79.995
28.546_-81.374_40_gsv_5.jpg	40.442	-79.9985	40.444	-79.9965
40.732_-73.982_110_gsv_1.jpg	40.442	-79.997	40.444	-79.995
28.546_-81.375_110_gsv_0.jpg	40.442	-79.997	40.444	-79.995
28.546_-81.38_90_gsv_5.jpg	28.54775	-81.3825	28.54975	-81.3805
40.737_-74.01_90_gsv_3.jpg	28.547	-81.383	28.549	-81.381
40.762_-74.001_40_gsv_4.jpg	40.7424	-74.0014	40.7444	-73.9994
40.734_-74.002_90_gsv_1.jpg	40.7433333333	-73.9873333333	40.7453333333	-73.9853333333
40.758_-73.991_60_gsv_5.jpg	40.442	-79.997	40.444	-79.995
28.546_-81.378_60_gsv_4.jpg	28.5513333333	-81.3813333333	28.5533333333	-81.3793333333
28.539_-81.377_110_gsv_5.jpg	28.547	-81.3813333333	28.549	-81.3793333333
40.439_-80.004_60_gsv_4.jpg	40.7406666667	-73.987	40.7426666667	-73.985
40.443_-80.001_40_gsv_5.jpg	40.435	-79.997	40.437	-79.995
28.538_-81.374_80_gsv_5.jpg	40.7493333333	-73.992	40.7513333333	-73.99
40.754_-73.963_60_gsv_4.jpg	28.5455	-81.38	28.5475	-81.378
40.444_-79.993_40_gsv_0.jpg	40.7465	-73.97375	40.7485	-73.97175
40.733_-73.975_80_gsv_1.jpg	40.4393333333	-79.9996666667	40.4413333333	-79.9976666667
40.729_-73.979_90_gsv_1.jpg	40.736	-74.0025	40.738	-74.0005
40.749_-73.979_80_gsv_0.jpg	40.7486666667	-73.97	40.7506666667	-73.968
40.747_-73.971_110_gsv_1.jpg	40.75	-73.969	40.752	-73.967
40.755_-74.002_80_gsv_5.jpg	40.7485	-74.003	40.7505	-74.001
40.754_-73.981_40_gsv_2.jpg	40.749	-73.96975	40.751	-73.96775
40.736_-73.978_110_gsv_1.jpg	40.7423333333	-74.0096666667	40.7443333333	-74.0076666667
40.435_-79.985_80_gsv_0.jpg	40.4376	-79.9948	40.4396	-79.9928
40.438_-80.005_90_gsv_1.jpg	40.75	-73.989	40.752	-73.987
40.734_-74.003_90_gsv_3.jpg	28.548	-81.3808	28.55	-81.3788
40.737_-74.007_80_gsv_1.jpg	40.7412	-73.9952	40.7432	-73.9932
40.749_-73.977_110_gsv_4.jpg	40.443	-80.0013333333	40.445	-79.9993333333
40.75_-73.976_90_gsv_0.jpg	40.442	-79.997	40.444	-79.995
28.537_-81.375_90_gsv_5.jpg	28.543	-81.38	28.545	-81.378
40.751_-73.978_60_gsv_1.jpg	40.74525	-73.98975	40.74725	-73.98775
40.749_-73.975_60_gsv_3.jpg	40.737	-73.98	40.739	-73.978
28.537_-81.377_80_gsv_5.jpg	40.442	-79.997	40.444	-79.995
40.724_-74.009_60_gsv_5.jpg	40.74575	-73.99625	40.74775	-73.99425
40.744_-73.98_80_gsv_5.jpg	40.7346666667	-73.9896666667	40.7366666667	-73.9876666667
40.75_-73.991_90_gsv_5.jpg	40.4433333333	-79.9953333333	40.4453333333	-79.9933333333
40.761_-73.956_80_gsv_3.jpg	40.4385	-80.0135	40.4405	-80.0115
40.445_-79.992_90_gsv_1.jpg	40.441	-79.9943333333	40.443	-79.9923333333
40.754_-73.974_80_gsv_1.jpg	40.4383333333	-79.999	40.4403333333	-79.997
40.711_-74.011_60_gsv_2.jpg	40.43975	-80.00075	40.44175	-79.99875
40.748_-73.972_110_gsv_2.jpg	28.543	-81.38	28.545	-81.378
40.758_-73.962_60_gsv_2.jpg	40.7403333333	-73.986	40.7423333333	-73.984
40.738_-73.987_110_gsv_0.jpg	40.741	-73.99825	40.743	-73.99625
40.755_-73.962_80_gsv_5.jpg	40.4362	-79.9982	40.4382	-79.9962
40.719_-74.012_90_gsv_5.jpg	40.7293333333	-74.0113333333	40.7313333333	-74.0093333333
40.756_-73.995_90_gsv_5.jpg	40.442	-79.997	40.444	-79.995
28.544_-81.378_40_gsv_1.jpg	40.442	-79.997	40.444	-79.995
40.754_-73.992_60_gsv_5.jpg	40.7448	-73.9824	40.7468	-73.9804
40.739_-74.001_80_gsv_0.jpg	40.7445	-73.9975	40.7465	-73.9955
40.746_-73.982_110_gsv_5.jpg	40.441	-79.9956666667	40.443	-79.9936666667
40.707_-74.005_80_gsv_5.jpg	40.439	-80.0006666667	40.441	-79.9986666667
40.747_-73.973_110_gsv_5.jpg	40.73175	-74.00025	40.73375	-73.99825
40.446_-79.992_80_gsv_1.jpg	40.44375	-79.99425	40.44575	-79.99225
28.552_-81.382_90_gsv_5.jpg	40.442	-79.997	40.444	-79.995
40.725_-74.01_90_gsv_4.jpg	40.435	-79.997	40.437	-79.995
40.741_-74.009_80_gsv_4.jpg	40.75	-73.993	40.752	-73.991
40.754_-73.992_80_gsv_1.jpg	40.75125	-73.98775	40.75325	-73.98575
40.752_-73.995_80_gsv_2.jpg	40.74275	-73.98775	40.74475	-73.98575
28.546_-81.373_80_gsv_4.jpg	28.5473333333	-81.38	28.5493333333	-81.378
40.751_-73.99_60_gsv_4.jpg	40.7416666667	-74.0096666667	40.7436666667	-74.0076666667
40.44_-79.996_40_gsv_2.jpg	40.4426666667	-80.0023333333	40.4446666667	-80.0003333333
40.738_-73.987_80_gsv_0.jpg	40.74	-74.00525	40.742	-74.00325
40.445_-79.992_80_gsv_3.jpg	40.43725	-79.996	40.43925	-79.994
28.539_-81.381_40_gsv_3.jpg	40.4415	-80.001	40.4435	-79.999
40.738_-73.998_110_gsv_5.jpg	40.7315	-73.981	40.7335	-73.979
40.753_-73.993_110_gsv_5.jpg	40.4426666667	-79.9976666667	40.4446666667	-79.9956666667
40.754_-73.994_90_gsv_1.jpg	40.75	-73.969	40.752	-73.967
40.446_-80.001_40_gsv_3.jpg	40.442	-79.997	40.444	-79.995
40.756_-73.986_60_gsv_0.jpg	40.4403333333	-79.9953333333	40.4423333333	-79.9933333333
40.754_-73.986_90_gsv_0.jpg	40.751	-73.975	40.753	-73.973
40.733_-73.993_80_gsv_5.jpg	40.728	-74.0085	40.73	-74.0065
40.759_-73.985_60_gsv_4.jpg	40.744	-73.986	40.746	-73.984
40.756_-73.992_110_gsv_4.jpg	40.743	-73.9843333333	40.745	-73.9823333333
40.739_-73.99_40_gsv_2.jpg	40.437	-79.9903333333	40.439	-79.9883333333
40.71_-74.011_80_gsv_0.jpg	40.725	-73.9973333333	40.727	-73.9953333333
40.435_-79.993_110_gsv_5.jpg	40.434	-79.9875	40.436	-79.9855
40.755_-74.007_110_gsv_2.jpg	40.442	-79.997	40.444	-79.995
40.733_-74.009_110_gsv_5.jpg	40.74	-74.005	40.742	-74.003
40.745_-73.979_40_gsv_5.jpg	40.7366666667	-73.988	40.7386666667	-73.986
40.756_-73.99_110_gsv_5.jpg	40.442	-79.997	40.444	-79.995
40.756_-73.99_90_gsv_4.jpg	40.442	-79.997	40.444	-79.995
40.44_-80.008_110_gsv_2.jpg	40.4414	-79.9996	40.4434	-79.9976
40.726_-74.004_80_gsv_0.jpg	28.548	-81.3803333333	28.55	-81.3783333333
40.754_-73.996_40_gsv_4.jpg	40.4368	-79.9998	40.4388	-79.9978
40.754_-73.993_60_gsv_2.jpg	40.436	-79.9985	40.438	-79.9965
40.442_-79.993_60_gsv_2.jpg	40.4406	-79.9956	40.4426	-79.9936
40.754_-73.982_90_gsv_1.jpg	40.4413333333	-79.997	40.4433333333	-79.995
40.759_-74.004_90_gsv_5.jpg	28.5453333333	-81.3823333333	28.5473333333	-81.3803333333
40.739_-73.982_40_gsv_0.jpg	40.75	-73.969	40.752	-73.967
40.752_-73.996_40_gsv_0.jpg	40.4373333333	-79.9993333333	40.4393333333	-79.9973333333
40.446_-79.994_110_gsv_3.jpg	28.54825	-81.38125	28.55025	-81.37925
40.738_-73.982_40_gsv_5.jpg	40.741	-73.9963333333	40.743	-73.9943333333
40.753_-73.979_40_gsv_3.jpg	40.7486666667	-73.97	40.7506666667	-73.968
40.735_-73.99_110_gsv_1.jpg	40.733	-74.0	40.735	-73.998
40.746_-73.977_40_gsv_3.jpg	40.74475	-73.99125	40.74675	-73.98925
40.736_-73.978_80_gsv_3.jpg	40.442	-80.006	40.444	-80.004
40.763_-73.999_40_gsv_2.jpg	40.435	-79.997	40.437	-79.995
40.441_-79.987_110_gsv_3.jpg	40.7393333333	-74.0096666667	40.7413333333	-74.0076666667
40.747_-73.974_80_gsv_2.jpg	40.439	-79.9923333333	40.441	-79.9903333333
40.746_-73.975_80_gsv_2.jpg	40.4412	-79.9998	40.4432	-79.9978
40.732_-74.001_80_gsv_3.jpg	40.7436666667	-73.996	40.7456666667	-73.994
40.755_-73.984_80_gsv_5.jpg	40.7395	-73.994	40.7415	-73.992
28.537_-81.38_60_gsv_5.jpg	40.442	-79.997	40.444	-79.995
40.435_-79.995_90_gsv_3.jpg	40.4404	-79.9968	40.4424	-79.9948
40.736_-74.01_110_gsv_0.jpg	28.5473333333	-81.3816666667	28.5493333333	-81.3796666667
40.736_-73.981_110_gsv_5.jpg	28.548	-81.38	28.55	-81.378
40.442_-80.001_90_gsv_0.jpg	40.435	-79.997	40.437	-79.995
28.54_-81.379_60_gsv_0.jpg	40.73575	-74.0035	40.73775	-74.0015
28.548_-81.378_40_gsv_5.jpg	40.748	-73.9705	40.75	-73.9685
40.441_-80.004_60_gsv_4.jpg	40.442	-79.997	40.444	-79.995
40.715_-74.011_40_gsv_3.jpg	40.74	-73.9845	40.742	-73.9825
40.44_-80.002_40_gsv_2.jpg	40.44	-80.0024	40.442	-80.0004
40.748_-74.008_90_gsv_4.jpg	28.545	-81.38	28.547	-81.378
40.436_-79.999_60_gsv_4.jpg	40.733	-73.999	40.735	-73.997
40.736_-73.982_110_gsv_2.jpg	40.74175	-73.99825	40.74375	-73.99625
40.751_-73.986_40_gsv_0.jpg	40.75	-73.969	40.752	-73.967
40.444_-79.99_110_gsv_0.jpg	40.442	-79.997	40.444	-79.995
40.749_-73.985_110_gsv_3.jpg	40.442	-79.997	40.444	-79.995
40.733_-74.004_80_gsv_0.jpg	40.73	-74.0096666667	40.732	-74.0076666667
40.444_-79.988_110_gsv_5.jpg	40.442	-79.997	40.444	-79.995
40.723_-74.01_40_gsv_2.jpg	40.4415	-80.001	40.4435	-79.999
40.749_-73.984_110_gsv_1.jpg	40.733	-73.9956666667	40.735	-73.9936666667
40.44_-79.996_90_gsv_3.jpg	40.752	-73.9985	40.754	-73.9965
40.758_-73.991_80_gsv_0.jpg	40.74775	-73.991	40.74975	-73.989
40.838_-73.946_80_gsv_5.jpg	40.443	-79.996	40.445	-79.994
40.708_-74.013_60_gsv_4.jpg	40.7423333333	-73.976	40.7443333333	-73.974
40.731_-74.002_80_gsv_4.jpg	40.7415	-73.99725	40.7435	-73.99525
40.44_-80_110_gsv_2.jpg	40.442	-79.997	40.444	-79.995
40.439_-79.994_90_gsv_5.jpg	40.4423333333	-79.995	40.4443333333	-79.993
40.732_-74_40_gsv_1.jpg	40.43825	-79.999	40.44025	-79.997
28.538_-81.374_90_gsv_2.jpg	40.437	-79.9996666667	40.439	-79.9976666667
28.539_-81.377_40_gsv_1.jpg	40.442	-79.997	40.444	-79.995
40.439_-80.015_40_gsv_3.jpg	28.5536666667	-81.3826666667	28.5556666667	-81.3806666667
40.441_-79.993_110_gsv_0.jpg	40.442	-79.997	40.444	-79.995
28.548_-81.375_80_gsv_1.jpg	40.73675	-73.98675	40.73875	-73.98475
40.755_-73.987_40_gsv_2.jpg	40.7523333333	-73.9726666667	40.7543333333	-73.9706666667
40.44_-79.989_110_gsv_0.jpg	40.439	-79.99	40.441	-79.988
40.841_-73.945_110_gsv_2.jpg	40.745	-74.0086666667	40.747	-74.0066666667
40.749_-73.977_60_gsv_5.jpg	40.738	-73.9944	40.74	-73.9924
40.738_-74.01_90_gsv_3.jpg	40.731	-74.012	40.733	-74.01
40.448_-79.99_90_gsv_2.jpg	40.7405	-73.99575	40.7425	-73.99375
40.752_-74_110_gsv_5.jpg	40.442	-79.997	40.444	-79.995
40.439_-80.011_80_gsv_4.jpg	40.4412	-80.0	40.4432	-79.998
40.443_-80.005_110_gsv_0.jpg	40.7376666667	-73.98	40.7396666667	-73.978
40.44_-79.994_110_gsv_5.jpg	28.546	-81.38	28.548	-81.378
40.838_-73.942_110_gsv_3.jpg	40.442	-79.997	40.444	-79.995
40.75_-74.009_90_gsv_0.jpg	40.442	-80.004	40.444	-80.002
40.732_-73.994_110_gsv_5.jpg	40.7505	-73.971	40.7525	-73.969
28.542_-81.376_90_gsv_5.jpg	28.5514	-81.3798	28.5534	-81.3778
40.74_-73.985_60_gsv_3.jpg	40.44075	-80.003	40.44275	-80.001
28.546_-81.381_90_gsv_4.jpg	28.55	-81.3823333333	28.552	-81.3803333333
40.434_-79.987_90_gsv_2.jpg	40.4402	-79.9952	40.4422	-79.9932
40.733_-73.987_60_gsv_4.jpg	40.442	-79.997	40.444	-79.995
40.732_-73.984_60_gsv_3.jpg	40.75	-73.969	40.752	-73.967
40.738_-73.988_80_gsv_0.jpg	40.746	-73.98375	40.748	-73.98175
40.742_-73.992_60_gsv_3.jpg	28.5523333333	-81.381	28.5543333333	-81.379
40.733_-73.995_80_gsv_0.jpg	40.732	-73.996	40.734	-73.994
40.732_-73.994_60_gsv_4.jpg	40.73275	-73.9965	40.73475	-73.9945
40.742_-74.009_110_gsv_4.jpg	40.7422	-74.0096	40.7442	-74.0076
40.441_-80_60_gsv_5.jpg	40.4416666667	-79.9996666667	40.4436666667	-79.9976666667
28.537_-81.377_110_gsv_3.jpg	40.442	-79.997	40.444	-79.995
40.728_-73.976_80_gsv_5.jpg	40.756	-74.0005	40.758	-73.9985
40.73_-73.987_80_gsv_2.jpg	40.72	-74.0046666667	40.722	-74.0026666667
40.732_-73.983_110_gsv_3.jpg	40.442	-79.997	40.444	-79.995
40.753_-73.983_60_gsv_4.jpg	40.443	-80.002	40.445	-80.0
28.539_-81.381_90_gsv_3.jpg	40.4356666667	-79.998	40.4376666667	-79.996
40.443_-80.006_80_gsv_1.jpg	40.4393333333	-79.9983333333	40.4413333333	-79.9963333333
40.753_-73.991_40_gsv_3.jpg	40.442	-79.997	40.444	-79.995
40.75_-73.99_40_gsv_4.jpg	40.4423333333	-80.0043333333	40.4443333333	-80.0023333333
40.744_-73.994_110_gsv_5.jpg	40.7515	-73.9805	40.7535	-73.9785
28.544_-81.382_60_gsv_3.jpg	40.442	-79.997	40.444	-79.995
40.736_-73.975_110_gsv_5.jpg	28.55125	-81.38275	28.55325	-81.38075
40.439_-79.993_90_gsv_1.jpg	40.44225	-80.0025	40.44425	-80.0005
40.71_-74.006_60_gsv_3.jpg	40.4355	-79.99775	40.4375	-79.99575
40.437_-79.998_80_gsv_2.jpg	40.748	-73.9836666667	40.75	-73.9816666667
40.749_-73.978_110_gsv_1.jpg	40.4425	-79.99725	40.4445	-79.99525
40.759_-73.986_60_gsv_4.jpg	40.4385	-80.0005	40.4405	-79.9985
40.753_-73.964_40_gsv_0.jpg	40.7313333333	-73.9883333333	40.7333333333	-73.9863333333
40.734_-73.987_40_gsv_2.jpg	40.43775	-79.993	40.43975	-79.991
40.745_-73.978_90_gsv_4.jpg	40.7356666667	-73.9816666667	40.7376666667	-73.9796666667
40.751_-73.997_80_gsv_0.jpg	40.7456	-73.997	40.7476	-73.995
40.746_-73.977_90_gsv_4.jpg	40.444	-79.997	40.446	-79.995
40.446_-79.993_90_gsv_3.jpg	40.7395	-73.9835	40.7415	-73.9815
40.752_-73.998_60_gsv_2.jpg	40.732	-73.994	40.734	-73.992
40.715_-74.011_90_gsv_0.jpg	40.442	-79.997	40.444	-79.995
40.76_-73.964_110_gsv_4.jpg	40.442	-79.997	40.444	-79.995
28.548_-81.37_110_gsv_0.jpg	40.4398	-79.9964	40.4418	-79.9944
40.761_-73.958_60_gsv_4.jpg	40.7426666667	-73.998	40.7446666667	-73.996
40.44_-79.991_40_gsv_5.jpg	40.73	-74.012	40.732	-74.01
40.742_-74.008_110_gsv_0.jpg	40.7553333333	-74.0056666667	40.7573333333	-74.0036666667
28.54_-81.378_90_gsv_3.jpg	40.4366666667	-79.9983333333	40.4386666667	-79.9963333333
40.737_-74.01_80_gsv_0.jpg	40.7393333333	-73.9936666667	40.7413333333	-73.9916666667
40.752_-73.977_90_gsv_0.jpg	40.442	-79.997	40.444	-79.995
40.445_-79.995_110_gsv_4.jpg	40.7376666667	-73.984	40.7396666667	-73.982
28.539_-81.379_60_gsv_1.jpg	40.7393333333	-73.9983333333	40.7413333333	-73.9963333333
28.548_-81.372_110_gsv_4.jpg	28.5406666667	-81.3773333333	28.5426666667	-81.3753333333
40.755_-73.963_60_gsv_4.jpg	40.7486666667	-73.97	40.7506666667	-73.968
40.733_-73.988_90_gsv_4.jpg	40.442	-79.997	40.444	-79.995
40.446_-79.996_40_gsv_1.jpg	40.748	-73.9705	40.75	-73.9685
40.729_-73.992_110_gsv_4.jpg	40.442	-79.997	40.444	-79.995
40.742_-73.997_90_gsv_1.jpg	40.442	-79.997	40.444	-79.995
40.741_-73.989_90_gsv_2.jpg	40.7343333333	-73.9923333333	40.7363333333	-73.9903333333
40.733_-74.004_80_gsv_2.jpg	40.7415	-73.999	40.7435	-73.997
40.752_-73.991_110_gsv_1.jpg	40.4405	-79.99575	40.4425	-79.99375
40.757_-73.98_110_gsv_4.jpg	28.5483333333	-81.3813333333	28.5503333333	-81.3793333333
40.739_-73.982_110_gsv_1.jpg	40.75	-73.9773333333	40.752	-73.9753333333
40.711_-74.007_60_gsv_4.jpg	40.749	-73.96975	40.751	-73.96775
40.44_-80.004_40_gsv_3.jpg	40.435	-79.997	40.437	-79.995
40.732_-73.984_60_gsv_2.jpg	40.74325	-73.98675	40.74525	-73.98475
40.739_-73.985_110_gsv_3.jpg	40.44	-79.994	40.442	-79.992
40.752_-73.983_90_gsv_0.jpg	40.437	-79.9976666667	40.439	-79.9956666667
28.545_-81.377_90_gsv_3.jpg	40.718	-74.013	40.72	-74.011
40.445_-79.998_40_gsv_1.jpg	40.442	-79.997	40.444	-79.995
40.725_-74.009_110_gsv_4.jpg	40.4376	-79.9986	40.4396	-79.9966
40.759_-73.961_90_gsv_0.jpg	40.434	-79.989	40.436	-79.987
28.54_-81.381_90_gsv_3.jpg	28.5416666667	-81.3796666667	28.5436666667	-81.3776666667
40.439_-80.015_90_gsv_5.jpg	40.4406666667	-80.0033333333	40.4426666667	-80.0013333333
40.761_-73.957_80_gsv_2.jpg	40.746	-73.9675	40.748	-73.9655
40.731_-73.983_80_gsv_5.jpg	40.739	-73.986	40.741	-73.984
40.441_-80.001_110_gsv_4.jpg	40.4413333333	-79.9983333333	40.4433333333	-79.9963333333
40.729_-73.985_40_gsv_3.jpg	40.7493333333	-73.991	40.7513333333	-73.989
28.546_-81.378_110_gsv_2.jpg	28.5504	-81.3818	28.5524	-81.3798
40.755_-73.984_90_gsv_5.jpg	40.4386666667	-79.9903333333	40.4406666667	-79.9883333333
40.758_-73.983_110_gsv_2.jpg	40.752	-73.9863333333	40.754	-73.9843333333
40.729_-74.011_90_gsv_5.jpg	28.545	-81.3806666667	28.547	-81.3786666667
40.839_-73.943_80_gsv_3.jpg	40.7395	-73.996	40.7415	-73.994
40.753_-74_110_gsv_5.jpg	40.442	-79.997	40.444	-79.995
40.44_-79.996_90_gsv_0.jpg	40.4415	-79.99875	40.4435	-79.99675
40.719_-74.01_80_gsv_0.jpg	40.753	-73.9995	40.755	-73.9975
40.731_-74.001_80_gsv_5.jpg	40.73	-74.002	40.732	-74.0
28.547_-81.381_90_gsv_5.jpg	28.5473333333	-81.3796666667	28.5493333333	-81.3776666667
40.733_-73.994_90_gsv_5.jpg	40.728	-73.9955	40.73	-73.9935
40.438_-80.006_80_gsv_1.jpg	40.437	-79.995	40.439	-79.993
40.707_-74.003_80_gsv_5.jpg	40.4416666667	-79.9953333333	40.4436666667	-79.9933333333
40.737_-73.98_80_gsv_1.jpg	40.435	-79.997	40.437	-79.995
28.555_-81.379_110_gsv_1.jpg	40.437	-79.9906666667	40.439	-79.9886666667
